000
001
002
003
004
005
006
007
008
009
010
011
012
013
016
017
028
029
033
034
035
036
041
045
052
055
056
057
058
059
060
061
062
063
066
067
068
070
071
072
073
074
075
076
077
078
079
080
081
104
111
112
113
114
115
116
117
118
119
120
121
122
128
132
137
138
139
140
141
142
143
144
145
146
147
148
149
150
151
154
172
173
179
180
181
182
183
184
185
186
187
188
189
190
191
192
193
199
200
201
202
207
211
266
267
273
276
281
312
318
367
368
369
370
371
372
373
374
375
376
377
386
387
397
398
431
483
